{
    "accuracy": 0.998125,
    "precision": 0.9920634920634921,
    "recall": 0.9960159362549801,
    "f1_score": 0.9940357852882704,
    "roc_auc": 0.9999699743157343
}